%YAML:1.0
---
cameraType: 0
intrinsic_matrix: !!opencv-matrix
   rows: 3
   cols: 3
   dt: d
   data: [ 1.9801293351994116e+02, 0., 3.1529058177168332e+02, 0.,
       1.9780374409482317e+02, 1.9443240027224297e+02, 0., 0., 1. ]
distortion_coeffs: [ 5.7180143147610807e-01, 4.0615191750333002e-01,
    -1.2651850630483239e+00, 8.9318753589744582e-01 ]
