%YAML:1.0
---
cameraType: 0
intrinsic_matrix: !!opencv-matrix
   rows: 3
   cols: 3
   dt: d
   data: [ 1.9801293351994116e+02, 0., 3.1529058177168332e+02, 0.,
       1.9780374409482317e+02, 1.9443240027224297e+02, 0., 0., 1. ]
distortion_coeffs: [ 5.7180143147610807e-01, 4.0615191750333002e-01,
    -1.2651850630483239e+00, 8.9318753589744582e-01 ]
rotation_matrix: !!opencv-matrix
   rows: 3
   cols: 3
   dt: d
   data: [ 3.2972010420520775e-01, -5.4099887827794335e-01,
       7.7369559038740421e-01, 8.1921947530415684e-01,
       -2.4335639493662459e-01, -5.1928519748384105e-01,
       4.6921647900014041e-01, 8.0504526502890306e-01,
       3.6295732130548658e-01 ]
transform_vector: [ -6.5139128131206007e+02, 1.1732383308737294e+03,
    -2.4431945042078537e+03 ]
