%YAML:1.0
---
cameraType: 0
rotation_matrix: !!opencv-matrix
   rows: 3
   cols: 3
   dt: d
   data: [ 3.2972010420520775e-01, -5.4099887827794335e-01,
       7.7369559038740421e-01, 8.1921947530415684e-01,
       -2.4335639493662459e-01, -5.1928519748384105e-01,
       4.6921647900014041e-01, 8.0504526502890306e-01,
       3.6295732130548658e-01 ]
transform_vector: !!opencv-matrix
   rows: 3
   cols: 1
   dt: d
   data: [ -6.5139128131206007e+02, 1.1732383308737294e+03,
       -2.4431945042078537e+03 ]
